              precision    recall  f1-score   support

   butterfly     0.7966    0.7966    0.7966       408
         cat     0.4932    0.5714    0.5294       315
     chicken     0.7310    0.7372    0.7341       586
         cow     0.6429    0.5745    0.6067       376
         dog     0.6971    0.6699    0.6832      1027
    elephant     0.8340    0.6594    0.7365       320
       horse     0.6534    0.6963    0.6742       517
       sheep     0.6257    0.6291    0.6274       364
      spider     0.8035    0.8353    0.8191       935
    squirrel     0.5774    0.6057    0.5912       388

    accuracy                         0.6984      5236
   macro avg     0.6855    0.6775    0.6798      5236
weighted avg     0.7017    0.6984    0.6989      5236
