              precision    recall  f1-score   support

   butterfly     0.6973    0.6761    0.6865       426
         cat     0.3868    0.4455    0.4141       330
     chicken     0.7677    0.7616    0.7647       625
         cow     0.5444    0.5121    0.5278       371
         dog     0.6264    0.5754    0.5998       982
    elephant     0.6215    0.6474    0.6342       312
       horse     0.6043    0.6116    0.6079       502
       sheep     0.5568    0.5332    0.5447       377
      spider     0.7476    0.8134    0.7791       954
    squirrel     0.5500    0.5238    0.5366       357

    accuracy                         0.6377      5236
   macro avg     0.6103    0.6100    0.6095      5236
weighted avg     0.6376    0.6377    0.6369      5236
