              precision    recall  f1-score   support

   butterfly     0.9113    0.8899    0.9005       427
         cat     0.8929    0.7622    0.8224       328
     chicken     0.8612    0.9367    0.8974       616
         cow     0.8396    0.7197    0.7750       371
         dog     0.8620    0.8645    0.8633      1004
    elephant     0.8084    0.8925    0.8484       279
       horse     0.8430    0.8665    0.8546       502
       sheep     0.8627    0.7333    0.7928       360
      spider     0.8965    0.9582    0.9263       958
    squirrel     0.8385    0.8363    0.8374       391

    accuracy                         0.8661      5236
   macro avg     0.8616    0.8460    0.8518      5236
weighted avg     0.8662    0.8661    0.8646      5236
