              precision    recall  f1-score   support

   butterfly     0.9548    0.9570    0.9559       419
         cat     0.9419    0.9012    0.9211       324
     chicken     0.9790    0.9603    0.9696       630
         cow     0.8966    0.9353    0.9156       371
         dog     0.9131    0.9541    0.9331       980
    elephant     0.9474    0.9164    0.9316       275
       horse     0.9701    0.9241    0.9466       527
       sheep     0.8886    0.9054    0.8969       370
      spider     0.9723    0.9733    0.9728      1011
    squirrel     0.9500    0.9240    0.9368       329

    accuracy                         0.9439      5236
   macro avg     0.9414    0.9351    0.9380      5236
weighted avg     0.9445    0.9439    0.9440      5236
