              precision    recall  f1-score   support

   butterfly     0.9706    0.9474    0.9588       418
         cat     0.9182    0.9405    0.9292       370
     chicken     0.9748    0.9524    0.9635       609
         cow     0.9256    0.9205    0.9231       365
         dog     0.9164    0.9605    0.9379       936
    elephant     0.9703    0.9577    0.9639       307
       horse     0.9783    0.9184    0.9474       539
       sheep     0.8978    0.9181    0.9078       354
      spider     0.9615    0.9844    0.9728       963
    squirrel     0.9830    0.9253    0.9533       375

    accuracy                         0.9488      5236
   macro avg     0.9496    0.9425    0.9458      5236
weighted avg     0.9496    0.9488    0.9489      5236
