              precision    recall  f1-score   support

   butterfly     0.9756    0.9549    0.9651       377
         cat     0.9496    0.9631    0.9563       352
     chicken     0.9859    0.9752    0.9805       646
         cow     0.9220    0.9764    0.9484       339
         dog     0.9658    0.9688    0.9673       961
    elephant     0.9795    0.9762    0.9779       294
       horse     0.9751    0.9700    0.9725       566
       sheep     0.9644    0.9288    0.9462       379
      spider     0.9854    0.9865    0.9859       960
    squirrel     0.9645    0.9751    0.9698       362

    accuracy                         0.9700      5236
   macro avg     0.9668    0.9675    0.9670      5236
weighted avg     0.9702    0.9700    0.9700      5236
