              precision    recall  f1-score   support

   butterfly     0.7837    0.7299    0.7558       422
         cat     0.7930    0.5505    0.6498       327
     chicken     0.8453    0.8022    0.8232       647
         cow     0.5854    0.5053    0.5424       380
         dog     0.6933    0.7633    0.7266       942
    elephant     0.5788    0.6918    0.6303       292
       horse     0.6946    0.6892    0.6919       518
       sheep     0.6506    0.5699    0.6076       379
      spider     0.7774    0.8904    0.8301       949
    squirrel     0.6254    0.5842    0.6041       380

    accuracy                         0.7181      5236
   macro avg     0.7027    0.6777    0.6862      5236
weighted avg     0.7187    0.7181    0.7152      5236
